14
58 46 54 1 134 5 135 56 136 101 102 7 17 12 
128 157 0 47 143 141 133 195 105 106 10 140 16 64 
4 92 130 49 11 100 180 6 137 163 104 108 15 110 
52 103 55 96 50 66 165 2 189 166 67 167 9 18 
48 97 162 99 98 138 150 61 95 119 70 13 8 62 
44 176 3 129 53 148 184 139 178 14 193 174 73 19 
194 91 132 51 158 159 188 191 118 59 109 72 65 68 
93 131 153 126 94 181 169 182 82 60 20 145 107 170 
186 88 179 57 164 117 152 173 77 190 171 22 33 71 
34 45 79 175 192 142 185 151 81 155 63 120 147 69 
41 177 42 30 160 83 116 156 21 114 115 183 146 25 
87 125 37 90 122 123 36 35 78 149 23 76 113 28 
121 43 154 84 161 38 168 127 31 74 111 187 144 29 
85 86 40 39 89 124 80 32 24 112 26 172 75 27 

