13
48 117 90 1 94 118 160 53 18 149 60 125 101 
86 87 121 46 10 146 163 143 7 69 124 16 161 
88 51 8 147 50 14 49 155 12 150 148 6 15 
91 52 166 120 5 158 4 63 98 99 95 59 9 
140 92 44 89 162 129 57 58 97 96 17 66 137 
116 45 144 83 119 123 168 102 159 61 54 25 126 
38 2 93 154 3 47 113 107 0 122 71 19 104 
167 145 33 41 85 76 35 131 136 13 100 55 27 
157 138 111 39 108 109 130 152 133 68 67 156 65 
115 79 84 42 74 32 127 114 62 31 26 153 11 
81 141 82 77 164 128 103 30 105 28 20 135 165 
151 139 40 78 43 80 134 22 70 64 72 142 106 
37 132 36 34 110 112 29 73 24 75 56 21 23 

