13
50 45 5 51 96 4 15 6 58 166 129 13 11 
120 49 48 2 3 125 1 74 89 19 95 7 14 
40 119 107 91 122 165 121 124 147 55 100 93 67 
9 83 85 123 47 0 59 127 24 149 57 61 97 
145 41 164 10 94 53 52 150 63 12 128 86 126 
160 148 92 87 98 77 155 163 56 28 16 151 8 
84 44 116 139 142 146 35 168 113 18 106 103 90 
159 156 118 88 46 144 54 141 70 153 66 17 99 
82 112 37 162 42 157 101 104 20 22 65 131 60 
73 81 114 110 30 133 108 117 136 137 62 27 64 
140 43 39 115 38 31 143 29 161 132 152 105 102 
34 167 111 36 109 154 135 76 75 130 25 72 26 
80 78 32 138 158 71 33 79 68 134 69 23 21 

