14
1 133 7 97 189 179 108 54 17 142 139 10 63 184 
95 57 4 52 134 5 67 21 64 129 0 96 104 69 
180 50 135 56 2 140 98 102 164 8 65 162 59 13 
9 44 53 45 99 158 165 66 12 106 111 58 105 15 
166 51 125 127 48 61 168 110 195 136 181 19 75 20 
55 156 160 192 119 100 137 6 101 103 11 169 16 143 
93 49 132 94 177 161 173 150 186 70 194 185 18 174 
3 131 123 138 167 182 151 163 62 14 141 77 60 145 
90 91 42 130 159 47 109 74 22 188 30 107 71 144 
43 87 126 34 191 157 122 175 178 114 72 23 147 24 
154 92 153 46 88 82 155 183 152 25 148 73 28 78 
121 40 38 89 117 187 36 190 86 193 29 146 112 115 
37 35 128 80 79 83 33 32 84 172 76 68 27 170 
39 85 120 124 118 41 176 81 31 113 149 171 116 26 

