13
159 122 86 53 5 93 168 16 57 14 127 165 17 
50 87 88 145 147 58 8 90 59 54 120 89 61 
121 118 45 142 123 96 119 10 63 7 55 11 56 
46 152 6 47 62 51 12 126 20 9 128 100 95 
92 136 52 129 2 48 60 151 146 131 98 13 150 
40 84 49 158 91 163 64 161 111 149 15 18 67 
137 155 144 30 78 117 138 82 19 101 66 99 148 
85 141 156 116 21 94 1 125 124 65 23 97 153 
4 41 110 157 0 44 35 112 160 22 102 107 25 
143 115 80 113 83 75 71 106 103 114 133 130 69 
32 135 38 140 3 37 134 154 162 109 26 27 28 
34 166 105 167 77 139 29 164 108 132 104 74 68 
33 79 81 76 39 36 42 70 43 24 73 72 31 

