14
57 51 50 2 162 12 110 137 99 102 60 140 17 65 
3 96 61 9 58 7 10 97 138 164 13 167 104 166 
49 157 183 53 131 4 54 101 103 67 66 8 15 19 
52 98 156 161 163 5 100 59 126 70 69 64 62 18 
55 132 90 129 133 135 56 193 184 180 63 106 195 21 
1 130 191 93 181 139 177 109 158 175 73 113 14 178 
94 86 176 151 194 47 80 112 172 185 192 107 111 145 
95 128 160 43 174 190 6 165 74 144 136 105 114 77 
92 154 134 171 89 186 11 146 23 141 142 16 68 30 
91 42 179 188 33 155 153 152 31 72 27 150 170 169 
39 88 159 81 189 173 121 119 75 28 22 147 32 143 
48 149 35 82 40 44 36 120 25 79 0 29 115 20 
83 182 45 38 84 37 127 46 123 187 34 148 76 24 
125 87 85 41 124 168 122 118 78 116 117 71 108 26 

