13
120 51 87 14 0 45 121 125 11 126 117 58 60 
46 52 151 50 91 6 123 49 53 62 9 152 12 
94 85 56 43 147 162 88 105 10 18 15 164 5 
47 148 133 44 83 59 137 55 61 145 1 130 98 
8 146 115 160 168 3 122 129 132 93 92 99 67 
80 81 141 37 149 100 103 161 68 57 127 13 63 
159 38 114 48 143 144 86 7 131 82 97 124 107 
73 119 163 90 31 156 166 34 165 16 95 153 71 
157 102 2 32 118 154 78 104 142 150 17 66 101 
36 39 155 139 84 75 4 128 96 111 72 21 65 
42 112 110 54 40 89 29 74 134 27 64 26 136 
135 138 41 108 76 109 116 23 70 28 25 69 19 
158 113 140 79 35 77 33 167 22 20 106 30 24 

