13
89 7 52 53 55 8 57 90 91 134 11 12 56 
1 49 165 86 122 14 54 121 113 166 97 162 58 
42 156 4 48 119 2 124 120 9 163 101 96 13 
146 45 144 46 43 51 92 62 94 127 17 10 20 
3 47 82 77 140 100 137 151 98 59 148 16 15 
41 5 118 50 88 95 102 65 149 61 126 106 60 
141 84 35 150 147 130 30 128 81 6 63 154 32 
87 112 117 19 142 157 26 132 110 104 105 64 24 
138 33 93 123 159 131 152 83 103 129 153 29 21 
155 37 160 143 75 69 74 40 158 25 73 31 125 
114 85 78 168 38 167 0 22 133 135 28 18 161 
145 115 36 76 136 44 34 116 71 72 67 27 70 
39 109 79 80 164 111 108 107 139 66 68 23 99 

