13
147 46 119 120 48 144 160 53 16 6 9 13 12 
142 2 164 44 1 65 5 93 126 52 7 58 57 
122 85 3 68 89 136 8 149 84 127 10 95 61 
88 121 50 162 109 92 123 55 22 59 97 124 14 
42 129 40 87 156 115 56 51 86 102 90 75 99 
82 153 140 54 4 17 154 96 20 128 62 146 60 
101 64 49 165 45 159 103 98 11 148 19 161 63 
145 77 114 166 73 133 134 66 104 21 100 25 168 
143 29 34 116 112 138 117 141 130 67 15 26 24 
110 47 83 139 157 125 135 30 94 137 79 108 18 
91 118 37 38 0 23 151 43 106 69 27 152 131 
155 80 111 78 36 81 163 132 150 32 74 39 105 
33 113 158 35 31 41 28 167 76 70 72 107 71 

