14
3 94 4 61 132 63 14 66 145 16 103 163 140 18 
51 7 99 168 8 6 102 105 10 106 144 138 59 13 
98 87 93 12 56 11 134 137 164 62 15 110 9 57 
100 177 131 54 159 42 189 135 152 107 142 17 112 65 
97 52 49 53 96 2 60 160 133 101 67 141 111 188 
104 92 1 95 55 113 130 127 30 108 191 171 109 70 
161 129 45 48 128 185 71 147 173 165 119 139 194 22 
193 50 91 46 192 170 175 58 182 24 181 68 143 20 
167 80 90 195 5 158 183 179 118 149 116 64 114 76 
82 40 180 154 32 81 184 162 151 117 186 136 69 146 
84 85 44 35 174 89 166 169 115 31 21 0 19 73 
47 122 41 78 157 178 156 34 155 74 28 126 150 176 
88 121 125 86 38 36 120 123 33 72 29 27 23 172 
153 83 43 124 39 37 25 26 187 190 148 75 77 79 

