14
4 52 1 3 162 60 184 183 107 140 16 14 13 109 
2 132 194 5 192 181 59 144 143 9 11 103 19 70 
160 133 49 51 180 8 53 188 6 105 102 15 17 106 
129 46 48 128 56 134 99 164 137 104 177 138 64 65 
85 96 97 98 130 7 163 166 101 10 23 66 170 108 
95 47 126 94 50 186 178 190 120 12 100 62 61 167 
92 37 125 159 90 156 185 161 110 20 30 187 68 141 
158 131 155 179 176 112 171 83 26 55 113 182 67 115 
82 154 54 193 135 175 29 93 21 116 114 25 18 72 
157 58 124 44 39 142 45 69 136 169 31 33 139 111 
122 173 79 146 145 172 74 0 174 36 150 76 119 28 
127 152 38 123 35 191 121 165 195 78 84 149 71 117 
89 88 42 91 86 153 80 34 77 63 57 189 75 24 
43 40 87 81 41 32 151 168 118 73 147 27 22 148 

