13
90 120 89 49 51 8 99 97 124 93 12 15 58 
1 143 162 55 4 50 146 163 149 60 16 95 98 
7 2 54 59 0 165 96 11 94 155 131 61 14 
48 46 92 160 119 56 147 145 75 21 150 106 10 
140 80 158 41 40 6 70 159 57 63 132 9 123 
116 88 83 5 118 142 122 20 13 103 65 101 151 
115 44 87 47 3 52 19 156 68 125 148 128 22 
45 138 113 85 91 136 144 82 64 135 23 62 104 
157 167 166 43 76 39 86 129 164 18 161 168 17 
31 84 121 29 110 34 42 27 126 105 127 26 153 
37 33 112 77 73 71 28 78 72 137 74 25 24 
38 152 30 141 81 134 154 117 53 100 109 67 69 
36 79 32 111 133 35 139 108 114 130 107 66 102 

