14
156 55 5 59 157 130 160 12 105 138 67 166 11 66 
132 6 51 54 97 56 68 164 60 137 65 13 106 14 
175 95 58 194 52 94 159 182 170 63 4 64 16 107 
96 131 48 134 90 53 1 7 184 62 172 178 22 15 
57 39 32 2 129 103 10 8 104 143 163 141 18 108 
191 177 99 158 127 84 0 9 193 151 19 161 17 165 
46 49 147 162 183 190 113 139 192 27 28 186 110 102 
3 89 180 50 145 181 98 31 168 140 101 71 169 109 
44 121 47 93 119 100 117 87 136 35 167 20 69 21 
135 195 41 92 152 174 179 144 120 29 61 114 23 24 
40 88 153 45 189 86 81 155 173 79 75 25 73 112 
118 128 43 176 126 91 185 148 80 187 42 142 72 70 
124 37 133 122 125 36 150 33 111 149 30 188 146 74 
82 38 123 83 85 171 34 77 154 78 115 76 116 26 

