13
50 125 49 123 149 56 47 142 12 57 90 11 162 
84 122 2 103 52 111 9 16 1 96 97 5 150 
118 88 163 19 48 87 40 152 54 95 127 21 13 
45 89 159 6 146 161 98 46 120 164 58 59 8 
86 144 27 3 160 42 51 10 134 55 151 20 128 
119 82 43 110 61 140 136 126 116 94 147 17 124 
143 91 79 53 145 133 114 71 14 60 18 132 64 
115 137 36 168 44 7 23 63 112 131 99 70 22 
39 29 33 4 93 167 30 83 66 148 74 130 67 
121 153 109 166 154 156 117 100 85 101 105 107 28 
113 81 157 139 35 108 141 62 15 26 24 72 69 
138 92 76 155 37 78 129 158 102 65 25 135 104 
77 38 41 75 80 34 31 73 32 106 0 165 68 

