14
48 160 53 98 97 4 55 59 105 138 103 8 12 14 
2 92 58 7 60 57 163 141 54 167 165 62 63 11 
1 158 176 132 134 96 56 137 10 67 185 61 9 68 
52 6 195 102 3 133 149 20 184 139 106 15 13 143 
94 126 50 130 93 100 181 179 99 72 166 107 66 193 
91 125 162 180 136 169 104 42 164 17 135 148 64 157 
45 90 128 123 192 47 5 22 25 142 178 101 18 71 
36 159 153 89 190 191 81 194 182 114 111 65 19 69 
88 51 44 129 131 118 30 177 187 73 24 109 75 16 
175 183 156 41 172 87 82 80 170 186 76 23 117 168 
49 124 85 95 152 189 21 119 33 171 112 74 115 144 
46 173 86 154 26 161 174 121 27 31 110 108 77 147 
122 127 39 38 37 43 140 120 35 116 32 78 145 70 
150 155 84 40 83 34 79 188 0 113 151 28 146 29 

