14
3 55 104 159 165 135 167 138 68 54 139 137 65 105 
50 2 95 49 183 52 107 57 12 62 15 20 63 16 
4 1 96 101 5 162 106 140 142 14 66 181 64 18 
92 132 133 93 129 46 89 109 58 70 11 169 168 23 
51 178 160 102 59 166 9 98 185 173 146 67 21 103 
100 56 53 91 99 163 61 136 188 22 24 10 71 112 
128 97 180 8 6 151 190 76 130 0 60 17 144 141 
158 45 127 126 87 157 134 177 143 25 19 69 171 170 
40 90 131 48 153 175 123 147 161 184 110 75 13 116 
191 47 154 156 7 108 186 174 150 192 26 115 164 182 
83 81 125 94 36 79 187 193 28 179 77 149 148 113 
38 86 39 155 122 35 37 119 84 117 195 121 73 74 
124 44 42 152 34 80 33 120 30 32 29 72 78 111 
43 41 176 85 82 88 194 118 172 189 31 114 145 27 

