14
160 2 3 135 8 54 96 12 161 53 9 7 143 18 
50 52 131 49 4 51 58 95 173 16 65 64 15 11 
56 55 6 91 100 132 141 13 171 104 105 102 140 139 
45 38 121 185 93 61 162 194 57 60 59 14 63 17 
1 169 5 129 179 10 21 184 134 70 111 62 110 112 
97 126 182 164 34 172 103 89 167 149 166 109 107 19 
128 137 130 48 153 165 99 188 66 22 24 76 20 113 
136 163 47 94 43 159 133 67 192 114 144 170 138 142 
87 44 46 37 158 183 98 106 187 152 71 145 25 191 
176 101 125 154 186 86 118 175 195 31 115 80 32 73 
189 193 127 156 122 151 157 79 168 190 146 147 178 108 
39 88 0 81 42 174 181 148 30 116 29 117 69 28 
84 92 123 40 82 35 124 180 120 77 33 72 23 74 
85 177 90 41 150 155 36 119 68 83 78 27 26 75 

