14
3 160 55 97 7 170 95 100 4 145 9 60 63 106 
131 54 157 141 165 142 107 8 104 19 159 140 15 12 
45 162 65 94 185 96 105 102 62 103 32 164 139 16 
53 5 129 191 56 181 167 66 166 13 29 110 17 61 
47 99 51 52 179 161 136 10 133 143 135 67 182 14 
1 93 122 92 2 11 137 178 180 173 59 6 68 190 
50 37 125 79 132 109 98 64 82 184 18 112 21 71 
44 154 123 108 57 46 188 101 144 192 168 70 20 72 
130 158 163 128 80 27 34 58 89 150 187 28 22 114 
48 49 43 30 134 91 156 194 0 189 23 149 183 121 
195 124 39 120 172 119 175 118 76 117 186 155 148 171 
87 115 90 84 81 83 31 152 33 169 193 73 69 146 
36 41 40 42 126 151 116 24 113 74 138 86 177 25 
153 35 38 88 176 127 85 77 174 26 78 147 75 111 

