13
120 1 121 4 96 3 50 55 7 88 63 8 99 
5 147 43 87 2 167 16 128 154 159 9 18 12 
52 124 118 143 122 168 13 144 95 56 11 14 126 
116 91 119 142 92 84 145 157 6 67 149 57 62 
89 51 42 123 158 53 94 148 98 10 60 64 93 
163 41 46 79 110 156 108 83 111 59 66 23 15 
131 49 117 160 115 152 61 146 129 102 54 107 17 
80 39 86 40 164 48 25 58 151 125 68 127 71 
140 90 0 150 36 33 37 73 19 166 161 132 21 
45 137 82 85 153 114 28 109 74 81 26 97 24 
44 130 65 38 76 29 112 78 162 32 72 69 100 
165 34 47 155 101 31 141 134 135 27 20 133 70 
35 75 138 113 136 139 106 77 105 30 104 103 22 

