14
5 1 56 3 53 188 100 137 63 101 102 12 140 13 
163 2 133 129 136 93 10 184 99 68 64 17 14 62 
103 95 4 134 162 158 57 142 138 166 61 65 139 106 
92 132 160 55 6 8 58 7 165 187 105 18 11 104 
50 51 90 131 98 41 178 171 152 144 110 9 15 72 
47 179 96 48 135 54 59 22 16 75 113 21 119 66 
130 180 73 194 161 67 174 71 108 70 23 107 173 143 
172 52 85 195 141 193 128 183 168 156 169 170 146 109 
46 49 192 116 121 35 81 189 185 164 20 111 186 24 
88 127 87 120 177 153 182 60 118 74 36 151 154 150 
91 44 97 33 122 0 181 190 112 76 80 78 19 117 
125 94 159 45 176 43 86 89 29 147 114 82 77 69 
84 38 126 42 175 83 124 167 28 32 145 34 115 149 
157 39 191 123 155 40 37 31 79 27 26 25 30 148 

