13
148 122 48 54 8 90 118 92 99 58 128 94 146 
143 88 47 117 5 55 56 60 119 96 125 150 13 
1 168 145 121 46 124 44 93 95 97 51 61 123 
120 2 4 165 152 3 57 53 103 63 159 9 16 
144 6 52 34 86 78 49 50 101 158 15 14 64 
45 153 83 142 100 0 164 7 89 22 74 62 59 
111 116 160 35 21 10 37 11 67 129 27 127 18 
87 84 109 105 161 25 134 31 32 102 12 106 162 
41 139 42 33 156 36 154 38 108 29 68 131 65 
112 85 80 43 72 140 137 66 136 130 141 132 91 
76 110 104 138 23 126 155 115 133 163 113 20 151 
79 81 167 70 75 30 73 77 71 107 147 98 135 
40 114 157 149 39 82 166 26 19 28 24 69 17 

