14
157 56 48 5 95 170 53 18 194 59 15 13 108 16 
129 49 51 179 57 136 7 105 98 17 21 183 11 63 
45 132 52 141 133 61 2 166 101 177 135 64 167 14 
158 94 96 134 99 60 140 100 12 138 103 10 106 139 
55 3 1 91 8 58 6 102 163 65 74 19 68 109 
50 93 128 131 192 168 162 112 78 28 146 22 9 142 
123 46 54 4 160 127 156 181 71 191 75 110 137 62 
92 87 97 178 161 69 180 184 188 186 67 104 107 66 
88 176 47 154 190 111 143 164 171 165 187 0 23 29 
124 126 130 172 20 36 119 148 81 144 114 145 30 32 
39 90 34 152 89 35 193 182 169 80 82 25 26 149 
37 42 43 44 83 122 116 173 27 85 153 73 24 185 
38 159 84 41 86 120 121 155 195 189 79 33 76 72 
125 175 40 118 174 113 150 151 147 77 115 31 117 70 

