13
2 46 15 93 6 85 104 95 163 63 94 59 12 
87 143 7 9 122 3 48 10 126 5 18 99 62 
57 1 123 51 54 151 14 155 149 132 96 13 55 
47 53 77 97 129 127 52 58 150 100 91 11 20 
117 114 42 44 119 167 130 159 140 89 25 60 128 
141 160 118 86 120 84 116 148 124 90 147 56 101 
45 61 154 158 49 145 138 161 136 50 8 125 152 
83 0 121 110 168 35 113 16 73 17 144 135 102 
40 115 142 36 82 30 133 106 65 131 105 103 75 
39 80 4 29 107 157 92 88 64 67 165 68 98 
41 79 78 137 139 81 164 38 19 22 111 134 153 
156 43 109 32 31 74 33 26 72 70 71 21 23 
37 76 146 34 66 162 112 108 166 69 28 24 27 

