14
140 56 55 1 58 3 103 100 162 65 99 105 22 63 
53 131 54 96 132 169 32 98 6 165 61 62 9 15 
161 130 163 48 102 57 183 64 7 164 5 18 11 59 
50 97 127 128 149 192 193 12 90 101 166 136 10 107 
179 0 51 4 129 177 188 66 195 47 172 60 182 67 
2 95 160 137 52 16 141 190 14 13 142 133 113 20 
49 158 135 89 81 8 181 92 21 145 138 167 173 104 
91 157 154 194 119 126 88 184 176 144 109 110 74 68 
45 134 124 171 159 191 106 112 25 146 69 24 28 17 
41 85 178 94 148 156 120 152 170 186 114 139 111 143 
42 40 93 43 82 185 23 46 79 70 72 33 19 75 
180 125 35 86 39 31 122 168 187 26 87 71 147 73 
84 38 83 121 37 80 174 116 118 115 175 77 29 76 
34 44 123 155 36 153 151 150 78 189 108 117 27 30 

