14
98 3 132 54 5 6 1 12 62 135 95 58 63 68 
101 53 129 60 2 183 8 161 152 65 11 108 104 106 
4 131 50 57 7 113 162 100 184 110 13 139 168 10 
55 93 0 124 192 96 103 136 190 186 144 16 21 105 
52 160 163 97 56 194 164 133 20 15 28 107 140 14 
90 44 47 49 64 37 130 59 73 116 71 25 70 138 
45 181 180 89 137 179 134 167 48 157 187 102 67 185 
159 122 91 36 143 94 99 175 142 61 165 9 170 169 
51 128 92 126 178 176 18 115 174 114 29 145 66 75 
46 85 193 156 30 153 195 69 77 117 191 173 146 32 
88 43 41 149 182 79 109 148 17 112 118 189 141 22 
40 84 81 121 125 120 119 177 80 188 171 166 33 19 
42 127 155 34 158 154 83 151 172 24 27 72 111 74 
86 38 39 35 123 87 82 150 31 23 78 76 147 26 

