14
52 96 3 4 104 56 99 63 17 8 164 67 19 15 
54 49 5 100 192 138 137 11 65 64 16 59 141 61 
55 131 51 57 60 9 48 102 105 184 172 113 108 72 
53 50 130 2 167 154 106 140 103 10 107 62 13 69 
1 124 157 95 6 7 165 179 98 139 194 20 73 77 
134 129 156 97 180 25 101 161 68 14 170 18 87 22 
155 153 133 58 47 163 151 33 162 111 66 193 143 26 
46 90 94 158 76 93 144 135 12 190 188 142 21 169 
42 125 44 159 132 177 185 168 109 24 70 71 195 183 
92 191 45 150 149 173 178 75 152 148 147 182 117 166 
123 176 187 186 128 74 29 189 122 110 160 23 31 115 
88 38 41 175 36 119 82 37 112 181 118 27 136 146 
126 39 86 91 34 80 127 85 121 116 79 32 28 78 
40 89 43 120 0 84 145 83 174 35 30 114 171 81 

