13
145 93 160 5 90 50 94 51 125 55 56 62 162 
1 150 119 144 45 49 128 129 147 61 96 148 12 
120 87 41 6 8 92 46 53 7 14 18 59 11 
48 143 3 118 2 0 124 126 95 57 13 63 60 
167 114 36 52 44 4 54 74 19 101 15 131 97 
83 43 85 127 168 89 122 141 20 153 152 9 134 
47 154 88 149 42 79 165 159 10 58 69 28 99 
82 37 116 163 80 75 158 98 65 135 16 34 105 
38 29 91 35 109 140 166 106 110 151 104 130 100 
84 111 31 40 39 123 136 17 146 22 132 23 24 
112 78 81 142 108 137 73 164 103 156 77 68 67 
115 76 30 121 33 138 155 70 27 25 102 107 26 
117 113 86 139 72 66 161 32 64 157 71 133 21 

