13
50 7 42 121 4 8 120 164 123 14 54 150 147 
73 46 2 159 1 89 148 92 93 11 70 13 97 
3 44 43 48 49 6 130 124 58 59 9 96 141 
5 83 76 16 80 94 168 127 95 55 146 163 61 
167 88 140 144 86 56 161 133 53 12 102 98 66 
84 143 119 87 131 162 117 122 125 151 62 18 165 
153 77 52 51 100 118 152 126 15 19 64 101 72 
79 145 47 0 166 139 136 155 160 29 105 90 10 
74 138 158 113 116 128 129 149 106 17 63 28 65 
81 31 45 75 91 115 41 109 68 60 24 71 137 
39 34 157 38 111 154 103 21 132 134 104 107 57 
37 85 35 110 82 30 32 69 67 26 108 25 99 
78 112 36 40 135 114 142 156 23 33 27 22 20 

