14
55 6 7 53 165 130 135 54 183 138 62 11 166 15 
136 132 95 50 8 139 134 101 44 64 104 17 194 14 
93 52 182 1 3 174 5 106 98 141 107 21 137 16 
92 99 156 100 9 102 140 60 167 12 61 143 105 113 
181 133 96 51 162 90 163 131 193 59 147 0 66 142 
91 179 97 158 123 2 103 144 18 67 13 58 63 23 
48 36 56 192 186 57 110 157 185 187 69 109 164 4 
46 161 120 88 146 168 176 180 117 77 10 65 171 112 
94 45 47 159 195 145 170 149 154 32 73 19 111 20 
175 126 128 37 125 33 116 169 148 155 190 35 25 188 
129 86 83 178 87 124 177 151 49 70 68 30 108 24 
43 127 150 191 42 160 81 22 82 29 118 74 76 72 
40 84 153 85 39 122 119 173 79 189 152 71 172 184 
121 38 41 89 34 115 80 78 31 28 27 26 75 114 

