14
158 1 102 136 7 52 60 137 11 62 194 71 15 10 
4 96 53 98 130 94 183 187 0 103 66 67 184 14 
2 51 129 5 91 65 104 59 50 190 18 16 63 61 
54 93 188 55 182 161 13 58 132 113 106 9 101 20 
97 159 3 111 48 12 8 143 166 171 140 142 69 17 
151 49 173 46 162 105 57 180 108 163 110 81 76 64 
41 90 6 99 135 95 30 86 100 195 138 168 22 19 
152 44 87 56 78 179 186 128 181 109 169 107 167 185 
176 172 92 178 164 189 131 134 160 141 26 21 25 72 
125 89 40 43 42 34 124 118 37 165 24 75 139 145 
193 156 153 133 115 119 191 79 68 149 77 35 114 117 
174 36 175 150 177 88 155 170 32 82 29 74 73 120 
123 39 121 85 148 45 154 192 126 33 70 112 23 144 
157 83 47 84 127 38 80 146 122 28 31 147 116 27 

