14
55 50 54 4 1 180 133 6 160 63 13 106 11 8 
3 2 162 94 135 134 101 53 103 7 9 65 141 110 
178 97 95 51 129 104 184 64 100 10 166 58 17 16 
44 98 93 5 131 99 142 23 60 119 140 66 107 61 
48 125 155 49 163 52 57 59 68 170 18 20 21 139 
56 128 96 165 132 136 62 14 120 157 171 69 19 67 
137 43 193 188 181 158 102 168 115 149 105 112 15 73 
45 143 82 47 154 81 85 179 22 12 174 71 33 144 
91 127 130 89 126 124 187 148 161 173 183 194 109 164 
156 177 159 175 153 118 195 34 108 138 32 77 111 185 
37 86 92 36 88 83 46 169 27 90 72 70 74 24 
84 40 123 38 150 182 145 114 30 113 0 31 167 116 
39 87 151 189 190 35 191 117 25 186 78 80 28 75 
42 172 147 79 41 122 176 26 29 146 152 192 76 121 

