14
96 56 54 6 7 184 55 138 13 11 12 63 106 14 
129 51 132 101 5 9 61 105 183 137 139 70 66 15 
95 161 52 98 165 62 189 107 8 67 65 141 21 68 
4 134 99 53 131 3 104 58 168 102 23 64 16 17 
49 45 50 1 94 59 179 164 74 166 145 71 112 69 
88 127 0 97 103 158 133 136 182 100 57 22 60 111 
92 47 181 180 130 193 169 36 192 10 18 148 150 146 
93 194 115 2 160 171 40 26 110 119 186 147 78 19 
126 176 46 128 177 48 195 159 191 140 149 72 155 27 
174 156 79 91 178 118 167 109 143 185 24 108 144 170 
175 84 42 135 154 173 122 33 32 153 142 162 28 76 
89 39 163 85 86 157 90 38 124 25 81 31 77 20 
87 44 82 75 35 123 190 30 113 120 151 73 114 117 
41 172 43 125 37 187 80 152 121 34 83 29 188 116 

