13
144 53 123 9 85 129 2 5 95 10 127 8 96 
3 1 90 94 136 58 41 13 162 122 100 7 16 
48 148 161 86 116 89 114 51 84 15 14 20 158 
120 88 79 124 142 91 165 168 68 166 56 164 66 
156 47 141 87 126 160 6 12 67 60 57 125 98 
93 46 115 119 59 18 92 137 99 104 61 64 130 
110 4 97 34 131 49 0 54 149 155 108 63 62 
77 138 109 145 44 163 147 11 29 65 55 22 152 
159 45 80 50 157 75 35 150 146 24 33 151 17 
52 139 140 39 42 36 167 111 106 71 28 19 105 
121 117 40 32 72 73 134 135 132 128 23 102 118 
113 78 31 76 143 38 153 37 101 69 154 21 26 
83 81 112 74 133 30 107 43 103 82 27 70 25 

