13
52 2 88 123 163 5 55 126 57 94 122 56 13 
43 121 145 47 86 142 158 17 7 162 100 11 1 
50 82 139 46 92 125 143 89 168 160 12 97 153 
53 49 87 42 105 96 83 95 14 62 93 3 149 
167 148 91 152 138 58 99 8 6 44 59 106 15 
119 116 54 4 161 28 131 154 137 101 63 22 69 
117 48 32 45 51 157 151 127 130 30 98 74 135 
144 0 165 80 37 134 64 156 104 71 109 118 68 
114 85 81 39 90 102 65 115 23 67 21 146 164 
36 166 76 141 27 40 16 147 112 129 60 70 18 
136 120 38 140 66 33 10 133 150 103 107 72 24 
79 84 113 34 73 132 77 31 25 26 19 29 124 
111 155 41 35 75 159 78 110 128 108 61 9 20 

