13
50 53 162 125 157 97 165 13 102 96 71 12 59 
89 86 45 87 11 145 95 9 14 58 60 124 19 
7 140 48 119 2 6 123 100 57 8 20 56 129 
3 10 47 43 1 144 139 93 148 121 27 128 149 
46 49 44 91 52 54 136 138 0 163 61 106 107 
88 164 160 120 98 51 101 55 137 62 65 122 113 
39 117 35 168 90 115 153 132 126 142 64 94 17 
85 78 40 159 135 5 42 84 112 25 146 24 18 
80 33 92 82 28 26 167 36 4 131 15 16 116 
37 110 38 143 152 141 133 118 151 63 150 127 69 
76 77 32 114 105 73 108 154 130 83 161 67 99 
81 79 155 75 156 30 31 29 158 72 134 104 22 
74 166 41 34 109 111 147 23 21 70 66 103 68 

