13
52 86 85 51 150 97 122 6 149 92 60 12 168 
165 84 50 46 44 152 9 56 100 147 104 64 10 
90 1 2 88 74 5 124 4 11 161 127 57 96 
48 146 155 14 145 3 49 123 20 103 95 130 101 
160 93 82 167 121 144 55 120 119 98 61 148 153 
117 142 43 42 91 135 36 87 62 128 19 13 151 
89 45 0 143 18 166 102 7 59 116 162 22 15 
75 37 157 140 132 164 54 8 21 71 65 126 158 
139 33 79 32 138 83 72 53 16 99 134 154 24 
109 34 47 163 141 31 63 118 131 136 23 26 68 
115 159 70 113 114 35 108 94 73 28 29 58 67 
40 78 81 41 77 111 129 76 156 137 125 25 69 
38 112 80 110 106 66 17 30 107 105 39 27 133 

