14
133 54 96 94 102 9 191 58 7 63 11 64 179 15 
47 190 2 95 100 138 8 6 55 60 12 193 141 103 
92 163 52 157 167 181 101 161 1 165 107 69 106 14 
50 51 131 5 53 134 135 97 140 180 24 66 13 10 
99 159 44 56 136 4 132 174 186 119 57 148 142 16 
3 45 48 185 182 156 22 61 59 183 79 194 20 112 
154 49 91 187 158 189 164 192 108 72 139 147 70 104 
130 89 93 188 153 176 166 98 143 18 21 110 65 62 
126 83 155 118 81 160 170 151 19 137 129 25 68 145 
177 152 128 76 117 90 168 123 171 120 105 144 30 184 
85 88 162 87 40 39 122 33 67 173 80 75 146 113 
36 42 125 41 127 195 178 109 172 29 169 121 73 115 
74 78 84 31 46 0 175 34 17 77 23 27 32 149 
43 35 86 82 124 37 38 28 150 71 26 111 114 116 

