13
87 142 4 91 86 50 54 92 146 12 145 58 56 
43 8 85 144 90 6 55 15 60 126 95 13 59 
2 93 11 89 1 57 168 88 10 98 3 18 94 
5 47 117 51 123 165 62 68 14 159 127 102 21 
140 143 162 49 52 9 66 84 151 124 164 17 152 
115 161 119 120 22 122 154 163 133 100 7 25 131 
81 101 45 29 110 128 96 97 132 16 166 137 148 
82 107 136 38 48 116 72 121 63 125 129 149 20 
113 34 37 80 42 74 28 105 158 150 76 24 106 
111 167 112 53 156 46 31 114 71 130 61 104 67 
139 44 41 78 77 157 75 160 0 64 30 27 26 
36 118 83 153 134 33 138 108 19 99 23 155 103 
73 39 40 79 35 135 147 141 109 32 69 70 65 

