13
53 4 146 47 145 13 7 8 97 123 9 149 15 
51 0 94 52 3 54 48 120 143 102 12 55 16 
2 45 86 122 121 50 58 168 10 18 101 60 59 
90 88 114 87 6 17 11 150 5 20 163 63 92 
38 119 128 147 85 157 126 124 14 96 99 100 65 
160 49 166 118 22 158 81 30 41 115 64 61 148 
42 159 43 32 136 139 135 125 62 57 137 164 127 
89 35 116 1 46 40 70 77 98 93 138 151 95 
112 31 131 144 78 91 117 73 156 83 66 19 103 
113 161 37 152 109 142 75 133 56 130 105 67 167 
84 76 44 36 27 165 140 21 74 129 25 104 107 
110 39 111 33 134 106 80 82 72 68 26 153 71 
141 34 79 155 154 108 28 132 162 29 69 23 24 

