14
131 7 50 57 1 3 12 154 168 0 54 10 103 13 
133 56 160 96 49 138 161 139 6 64 9 104 63 16 
134 91 132 178 105 170 68 193 140 102 143 167 65 14 
98 4 45 165 2 136 99 58 182 172 61 107 11 15 
176 180 48 51 8 92 52 5 171 17 184 149 142 67 
95 162 53 59 55 141 137 106 169 23 18 69 21 108 
191 128 157 88 87 192 179 109 100 60 62 66 74 19 
79 120 47 129 163 119 186 195 145 146 164 188 112 24 
97 46 152 158 166 130 86 110 135 189 114 174 115 116 
159 175 90 126 72 41 34 101 113 78 20 80 75 22 
42 38 93 155 81 84 33 190 187 30 76 117 183 31 
82 127 121 89 43 123 153 125 181 150 111 71 27 25 
173 39 44 94 185 83 77 122 35 32 194 147 29 148 
36 40 177 37 156 124 144 85 28 70 151 118 73 26 

