14
3 52 58 109 8 106 9 12 10 57 16 68 141 62 
129 98 2 137 181 56 49 101 64 182 63 105 107 59 
51 50 100 134 53 55 157 162 104 66 103 108 11 70 
4 96 95 132 163 94 193 60 189 177 111 165 17 21 
131 46 152 102 99 7 188 160 13 36 147 18 19 14 
154 128 133 20 187 6 170 148 178 142 65 138 140 143 
1 0 135 158 159 84 67 124 136 184 87 112 179 115 
190 54 126 97 194 41 139 185 172 5 69 15 167 25 
93 155 130 180 161 168 145 80 110 22 150 73 174 23 
40 91 92 176 114 28 37 173 169 26 195 75 72 171 
85 192 47 119 183 79 166 30 113 144 76 151 34 31 
156 88 42 39 81 175 35 77 117 82 118 146 61 122 
153 125 43 44 127 86 116 83 29 191 38 71 149 74 
90 45 123 89 33 121 48 164 78 27 120 24 32 186 

