14
95 180 2 134 94 3 60 52 164 106 143 104 103 12 
50 55 51 126 1 9 5 10 100 57 184 13 15 14 
139 96 46 93 133 135 141 64 56 19 111 61 7 105 
98 132 99 58 6 101 0 130 110 165 67 63 11 66 
159 102 97 149 136 53 162 189 113 59 107 166 17 65 
160 44 45 48 131 18 128 169 31 138 171 62 16 112 
49 156 82 182 157 4 158 140 71 109 179 172 77 20 
176 91 175 191 188 181 54 168 137 69 152 185 142 70 
43 155 47 92 89 8 22 129 145 146 116 173 68 73 
88 194 87 125 170 144 183 195 167 75 115 114 108 21 
23 163 151 150 80 161 81 117 127 24 26 74 78 193 
86 85 124 153 118 35 90 190 174 29 147 32 148 186 
40 178 39 154 36 28 177 192 187 33 42 83 34 30 
37 84 122 123 120 41 38 119 121 79 76 72 27 25 

