13
119 88 116 122 51 156 7 148 144 162 61 63 166 
5 1 48 9 95 53 96 121 120 147 13 56 133 
82 49 3 6 46 14 4 62 94 146 127 15 99 
52 44 2 92 59 90 143 16 161 164 11 98 65 
86 160 55 87 84 152 140 132 89 149 8 10 64 
40 111 50 145 118 153 68 0 102 58 60 57 19 
91 45 109 159 115 47 54 97 66 126 24 123 18 
81 93 43 83 142 139 141 20 70 128 150 106 125 
41 38 158 80 124 138 77 100 101 12 17 135 104 
36 31 37 32 113 117 168 163 167 137 155 108 23 
85 42 79 75 30 157 131 103 35 26 129 151 21 
76 112 33 114 73 130 154 72 71 134 165 67 25 
107 78 39 34 136 29 74 110 22 69 27 105 28 

