13
93 88 51 2 122 50 158 90 53 58 57 11 7 
4 121 52 3 55 6 87 48 145 59 101 96 16 
165 1 123 54 156 32 147 126 15 132 65 9 97 
91 119 67 120 124 141 129 12 148 127 13 8 61 
161 44 89 5 49 118 10 94 56 92 0 29 14 
162 114 38 144 45 95 109 100 150 163 152 98 64 
83 125 142 84 78 160 85 131 28 24 21 66 19 
46 164 110 82 130 143 149 106 23 104 99 17 70 
168 33 86 47 146 135 22 134 105 102 128 151 31 
115 140 36 167 43 139 117 68 40 30 18 137 60 
79 35 157 34 155 41 133 72 136 62 71 75 103 
113 138 111 77 39 112 80 74 20 25 63 73 159 
116 153 42 166 37 154 108 76 81 107 26 27 69 

