14
1 49 3 159 2 55 137 100 140 12 180 144 143 14 
132 182 52 53 131 7 58 61 59 65 63 57 64 105 
95 133 160 50 56 96 181 150 106 11 103 15 139 19 
51 161 136 8 99 6 98 163 10 148 17 169 62 166 
93 174 91 47 134 130 109 104 167 183 110 13 66 76 
155 89 97 60 138 164 5 192 145 75 0 107 16 170 
44 153 90 94 101 135 9 162 80 142 186 22 30 20 
128 48 177 81 179 157 165 141 178 121 24 70 21 67 
88 129 126 92 68 184 176 156 35 72 102 73 171 23 
122 158 39 34 193 108 125 74 195 189 172 77 18 146 
46 45 41 115 54 118 175 187 173 188 114 31 147 69 
38 127 86 151 185 191 42 32 111 29 33 25 116 149 
152 85 83 84 123 194 190 117 78 79 71 27 112 82 
40 87 120 124 43 36 4 37 26 154 168 119 28 113 

