13
4 50 161 2 124 145 92 147 94 60 10 100 59 
49 121 42 76 85 54 129 17 61 96 152 16 123 
3 46 6 88 47 93 7 56 14 150 8 97 128 
51 90 87 55 163 68 144 132 53 99 5 48 9 
84 159 89 146 139 127 44 118 15 21 18 151 11 
83 120 112 0 148 149 126 13 130 57 164 133 98 
86 115 162 52 158 117 73 66 20 91 105 143 64 
41 142 116 1 137 62 155 160 33 19 141 63 58 
82 37 154 167 125 166 136 134 29 107 102 101 23 
114 78 35 138 122 71 32 80 113 77 110 103 24 
140 157 168 165 95 104 108 109 135 153 27 69 12 
81 34 38 36 75 74 131 28 106 67 72 25 65 
45 43 111 40 156 79 31 119 39 70 30 22 26 

