14
51 50 3 53 98 144 100 7 21 105 103 28 167 65 
55 95 161 101 131 191 8 6 56 19 9 142 63 106 
97 1 93 162 140 136 160 132 58 180 15 59 11 102 
183 54 52 182 2 57 61 5 67 64 104 60 62 168 
92 4 179 99 133 158 185 135 193 109 14 66 17 107 
96 89 40 46 174 126 123 181 72 69 10 195 20 18 
156 47 127 138 190 157 137 13 12 16 108 114 110 68 
128 44 177 129 159 145 187 171 141 143 169 71 34 24 
43 130 124 155 188 85 175 163 170 23 117 0 27 25 
90 37 134 121 42 151 164 166 139 113 22 152 115 146 
49 88 91 178 45 41 154 30 184 186 149 189 80 75 
48 94 87 79 148 153 32 70 192 176 33 147 73 118 
39 119 81 35 82 38 83 172 116 173 77 111 112 29 
84 86 78 120 36 74 194 125 76 150 165 122 26 31 

