13
98 2 89 54 52 125 160 158 164 12 56 7 94 
1 46 45 58 6 9 104 16 59 93 43 62 57 
86 48 39 87 166 115 4 53 118 149 101 17 0 
163 144 85 51 44 159 123 150 121 13 10 99 100 
120 146 136 61 83 122 95 50 113 18 155 77 8 
47 147 142 88 3 107 60 82 126 151 49 92 15 
5 161 108 124 91 145 141 127 22 168 133 134 11 
80 139 135 116 157 119 65 97 21 20 66 90 165 
31 114 153 84 41 129 29 70 72 102 128 14 130 
40 33 162 32 132 167 143 63 30 64 71 75 106 
137 112 148 138 154 131 37 55 152 34 67 74 69 
79 36 156 42 140 19 109 96 110 76 68 27 28 
117 78 38 73 35 26 111 81 103 105 23 25 24 

