13
87 148 49 54 167 51 122 168 10 91 8 13 12 
1 11 2 50 117 6 9 93 61 63 96 128 126 
46 88 47 45 149 115 158 52 94 55 56 103 60 
44 53 48 119 163 137 146 120 15 7 76 62 59 
0 118 36 98 159 101 57 92 140 67 58 164 97 
5 85 136 84 81 66 83 151 130 154 162 20 145 
127 139 89 86 160 3 110 107 121 14 134 131 106 
4 43 143 113 138 23 77 165 71 150 70 100 99 
102 123 125 144 142 153 114 25 72 28 109 21 18 
32 38 82 41 40 166 116 135 24 16 155 95 105 
35 157 42 79 74 64 156 147 26 132 19 75 104 
37 161 78 39 80 108 133 29 152 69 27 17 31 
34 90 124 141 111 33 112 30 73 22 65 129 68 

