13
142 87 118 50 1 5 53 61 59 52 16 12 148 
91 90 88 4 93 146 11 104 112 100 123 14 58 
120 3 98 47 158 96 159 2 97 129 13 166 9 
116 45 49 138 7 145 125 92 151 8 132 19 150 
86 40 141 121 107 48 26 144 73 55 10 149 54 
147 85 43 84 143 135 163 165 99 6 56 130 137 
89 75 156 168 124 153 119 126 95 57 127 108 21 
28 167 115 34 102 139 111 136 161 18 94 20 122 
81 114 46 44 33 77 103 134 17 140 152 160 60 
83 31 37 42 117 74 27 131 65 67 62 106 128 
101 41 38 51 36 164 110 30 82 70 0 15 23 
80 113 35 155 157 39 162 133 154 66 64 69 68 
78 79 29 109 32 71 72 76 24 22 105 63 25 

