13
119 41 46 1 132 9 124 64 152 12 57 58 62 
42 82 84 86 118 56 6 55 15 54 60 151 18 
144 99 51 87 125 4 61 122 126 92 150 53 143 
2 50 16 140 85 120 167 14 49 134 98 93 101 
5 3 48 115 153 114 11 52 7 121 104 30 97 
145 117 116 47 162 161 127 130 149 20 10 146 95 
158 163 0 91 90 89 70 29 96 160 168 23 133 
141 83 39 123 142 164 24 44 147 94 100 8 19 
40 77 59 88 81 113 129 102 159 131 106 17 165 
73 45 35 135 32 37 108 157 107 136 65 155 66 
43 36 138 79 109 13 69 74 76 103 105 128 68 
80 34 139 31 137 111 33 72 148 154 75 28 21 
78 112 38 166 156 110 71 63 27 26 22 25 67 

