14
4 51 161 60 59 49 195 57 164 13 18 0 64 168 
48 95 6 128 5 9 104 133 56 61 11 70 12 166 
162 176 54 52 7 58 127 8 140 63 15 14 110 62 
179 97 2 98 103 102 190 139 132 135 137 141 19 17 
96 45 99 92 126 94 136 106 186 142 10 181 71 16 
91 43 3 185 129 131 150 182 188 138 107 109 67 100 
130 134 53 47 171 159 82 123 143 22 75 163 68 108 
46 55 157 1 78 184 167 34 20 111 151 27 165 116 
101 40 153 26 194 149 158 170 66 25 120 69 65 105 
155 50 37 187 44 124 193 115 154 173 189 24 169 21 
160 121 125 90 32 42 180 38 191 81 31 112 144 178 
177 89 30 33 192 122 172 113 174 80 175 118 29 114 
39 93 85 84 35 23 83 145 28 148 117 73 79 77 
41 87 156 88 86 147 36 152 183 119 146 74 76 72 

