13
160 51 47 120 123 55 58 86 89 126 8 96 9 
121 49 167 148 93 10 6 146 61 14 131 56 100 
1 3 4 13 57 166 129 127 95 16 94 62 106 
145 44 52 149 48 91 124 128 152 97 164 150 7 
40 45 142 159 147 12 92 59 134 114 99 144 60 
87 85 84 90 141 2 125 143 11 0 65 15 154 
162 42 117 5 119 110 31 151 20 63 50 64 71 
41 46 116 34 79 88 138 137 98 135 163 140 66 
122 54 76 118 109 161 53 157 168 22 24 133 17 
77 43 113 83 32 28 73 107 33 108 102 18 155 
80 35 74 37 30 82 78 27 68 70 156 101 132 
38 81 115 153 75 36 130 103 165 19 21 67 23 
158 29 136 111 72 139 39 112 25 26 105 69 104 

