14
97 5 1 48 50 139 101 162 133 12 59 63 15 14 
193 105 152 122 4 93 100 55 62 99 102 64 107 109 
2 94 98 131 103 138 9 137 165 66 136 8 68 186 
96 159 57 3 7 52 6 124 78 185 13 10 104 19 
127 130 54 163 176 161 92 106 169 18 67 17 20 140 
51 175 125 65 178 60 126 58 142 189 166 174 146 16 
128 190 160 179 182 47 119 153 135 61 172 167 33 11 
180 95 129 157 192 110 147 194 35 145 72 113 108 158 
91 132 183 181 53 0 143 46 112 164 70 24 141 114 
42 80 85 154 56 150 144 120 173 69 75 149 111 25 
41 86 43 84 49 191 39 83 74 187 117 171 134 168 
90 89 82 36 37 77 115 87 155 116 195 184 26 73 
121 88 45 38 44 170 34 188 27 79 151 22 28 71 
156 40 177 123 148 81 118 30 29 76 32 23 21 31 

