13
144 90 54 4 53 48 123 98 147 14 58 12 60 
122 49 148 40 118 50 10 7 11 63 17 149 100 
88 2 127 52 128 121 131 13 6 61 59 9 70 
87 81 37 95 120 43 85 161 126 8 99 62 69 
79 51 0 92 164 101 146 139 93 96 66 57 15 
115 46 1 103 143 163 157 116 155 94 97 102 150 
45 76 82 138 91 5 16 165 160 56 64 153 18 
89 86 112 154 42 113 55 22 130 129 133 104 29 
3 159 84 47 68 77 28 152 141 19 151 23 26 
136 145 39 72 168 24 167 108 124 105 162 20 166 
137 78 41 33 35 119 142 74 140 106 110 65 27 
34 36 114 38 107 44 73 32 25 21 125 134 135 
117 80 111 156 83 109 132 158 30 71 31 67 75 

