13
151 50 46 93 55 60 127 58 166 99 104 129 13 
48 11 140 88 3 115 154 89 92 53 59 12 14 
51 1 143 5 123 124 8 9 52 16 7 141 19 
54 4 91 82 122 6 148 100 70 94 96 0 57 
47 121 139 49 163 120 34 101 32 15 18 10 17 
119 42 2 87 159 160 146 155 131 95 66 62 61 
45 90 168 78 28 147 126 128 117 98 103 64 56 
84 130 158 149 21 27 20 157 68 110 162 105 134 
161 44 156 39 33 65 83 72 150 86 125 97 165 
79 37 74 40 30 167 67 112 145 63 106 132 25 
80 85 114 81 107 164 118 109 142 136 24 133 23 
116 75 137 43 144 38 29 36 69 26 138 102 73 
41 111 113 76 31 77 108 35 153 135 22 152 71 

