14
3 1 93 7 10 164 105 108 17 142 161 63 18 64 
87 139 49 2 6 100 8 12 106 98 15 13 141 62 
54 53 57 9 185 56 21 5 102 150 14 61 58 110 
134 55 52 101 158 88 50 187 137 140 11 96 111 165 
130 95 181 132 175 128 46 112 167 184 65 16 59 166 
160 51 190 131 4 117 103 136 66 148 107 135 104 20 
123 48 153 156 155 92 174 60 69 80 193 145 109 168 
43 159 189 97 133 99 119 191 76 169 157 19 75 114 
129 127 86 179 94 79 183 149 154 26 172 120 180 72 
126 186 0 44 194 81 152 122 121 24 113 22 67 71 
47 90 91 27 37 177 84 124 146 73 143 188 138 171 
38 89 170 151 195 118 78 30 33 28 115 25 68 32 
39 45 178 182 125 176 83 77 162 144 116 173 147 31 
85 40 41 42 192 35 82 36 34 163 70 29 74 23 

