13
1 87 168 7 0 6 167 95 57 98 56 94 96 
51 49 2 125 52 48 140 15 93 10 18 147 64 
142 145 5 119 146 148 92 14 12 106 19 65 62 
53 88 159 118 149 130 50 100 117 11 150 166 61 
79 121 158 45 123 99 90 89 137 132 3 16 13 
86 85 84 31 46 120 165 9 141 8 17 69 55 
113 154 161 122 97 116 75 153 126 58 129 23 26 
138 47 43 42 4 107 108 160 128 103 157 151 59 
114 54 38 44 143 80 124 104 135 101 134 71 131 
83 41 35 27 73 40 136 162 152 127 22 25 30 
109 37 133 76 33 111 21 105 115 67 81 68 163 
156 139 155 110 36 39 63 164 60 102 74 24 72 
144 78 82 29 91 77 32 34 20 112 66 70 28 

