13
46 144 52 13 145 143 8 161 53 90 0 96 11 
87 88 85 147 128 141 89 20 16 56 10 127 58 
48 2 119 17 109 95 94 155 61 131 57 97 60 
50 42 3 32 159 5 65 59 28 6 51 15 164 
142 47 125 4 139 149 9 167 105 14 146 100 151 
54 118 7 114 55 150 18 63 154 99 62 12 124 
138 82 36 49 117 121 148 102 45 126 19 165 91 
115 37 86 72 81 40 132 156 83 163 92 66 153 
160 84 120 116 122 98 80 33 129 64 103 101 70 
123 79 166 27 1 157 21 106 162 158 152 135 74 
34 93 112 140 43 73 41 71 30 68 130 104 22 
76 35 113 39 111 38 136 107 69 25 29 67 133 
31 108 77 44 78 75 137 110 134 168 26 24 23 

