14
1 131 55 10 56 97 162 139 103 144 62 61 13 105 
159 57 6 60 94 180 2 64 111 9 101 16 14 140 
182 3 133 186 50 8 102 138 158 107 183 69 65 11 
89 53 177 191 136 4 127 52 134 21 106 109 164 18 
132 54 98 135 49 157 7 0 68 74 63 185 108 15 
51 84 187 153 195 37 104 152 163 123 141 142 58 17 
149 156 189 194 181 96 160 169 147 5 137 168 26 67 
129 44 86 48 87 95 99 70 167 29 12 71 173 19 
59 92 120 81 166 112 154 100 128 91 73 20 66 22 
85 46 146 45 90 184 178 179 130 170 118 174 23 25 
175 88 43 126 193 42 172 119 35 117 116 27 115 143 
161 124 93 80 36 79 165 76 24 28 188 77 150 75 
41 192 82 39 176 34 83 155 171 145 151 113 110 114 
190 125 47 38 122 40 32 33 121 31 30 78 72 148 

