14
51 96 156 116 105 16 8 122 7 183 108 65 9 63 
48 56 3 128 58 102 160 6 12 60 163 64 68 104 
97 53 100 2 54 103 109 138 11 13 111 106 10 70 
1 99 50 133 131 134 184 152 161 4 66 5 62 121 
159 91 101 98 127 95 55 139 132 140 195 14 165 18 
94 93 135 129 170 136 188 158 185 179 72 67 107 110 
49 52 154 35 192 162 174 164 59 144 32 27 143 76 
90 45 176 177 190 86 186 142 175 61 193 22 182 23 
153 84 87 46 157 0 57 47 141 30 146 173 171 168 
92 120 79 181 17 167 189 155 29 15 71 172 19 114 
81 194 43 38 69 166 137 88 119 25 169 21 113 118 
126 178 130 125 44 31 150 151 191 74 180 117 147 149 
42 36 80 37 187 148 124 145 85 83 20 73 24 75 
40 39 41 89 34 123 112 115 33 82 77 78 26 28 

