14
101 159 92 7 59 10 9 98 8 65 139 104 106 0 
95 3 183 62 184 56 55 165 60 14 173 100 12 140 
1 63 2 57 4 181 107 5 61 6 169 15 58 141 
164 128 132 51 158 138 99 97 195 66 167 111 64 109 
142 89 133 130 161 54 52 148 134 108 136 145 11 13 
96 156 46 94 90 193 135 16 26 70 137 19 17 110 
48 131 151 102 155 149 171 191 144 166 67 179 182 126 
40 177 53 154 194 185 186 103 187 174 168 69 18 72 
93 50 47 192 189 160 157 146 29 24 105 21 35 68 
44 80 85 176 123 84 163 190 78 170 150 74 143 23 
122 124 49 180 178 125 77 188 121 113 22 147 20 28 
129 37 43 86 88 116 33 82 45 91 112 117 25 119 
38 41 152 175 34 32 162 76 42 114 81 71 115 27 
36 153 39 172 87 83 127 30 118 79 120 73 75 31 

