14
91 52 54 162 8 1 101 59 95 194 13 12 16 20 
3 53 51 5 100 141 58 61 168 64 2 17 167 15 
96 50 56 129 4 97 184 111 9 102 11 108 146 107 
137 131 156 160 130 57 66 63 139 187 18 106 68 70 
159 93 133 98 157 39 103 7 138 150 140 65 14 144 
128 177 48 163 192 10 142 6 62 182 60 105 67 19 
47 158 180 49 191 94 135 136 143 145 190 185 112 110 
155 134 46 45 82 186 99 165 124 176 166 183 149 22 
92 179 81 161 175 32 148 116 170 126 188 0 21 109 
174 164 44 125 55 173 85 73 26 120 27 171 115 169 
41 118 121 80 79 84 42 104 88 178 193 113 69 114 
43 127 87 35 154 153 132 189 74 31 195 71 29 25 
86 34 40 152 90 38 119 123 117 151 75 23 172 76 
36 37 181 122 78 83 77 147 33 89 30 72 28 24 

