14
192 2 52 58 94 102 5 55 130 10 70 16 140 108 
162 53 100 1 131 92 65 9 8 106 4 144 62 17 
133 54 141 101 60 194 103 105 165 109 64 20 12 13 
134 3 57 6 51 15 104 177 184 142 107 164 14 61 
50 95 96 7 82 154 193 135 59 0 11 66 67 68 
49 129 156 138 56 173 63 79 168 158 191 69 18 71 
128 46 163 157 182 167 159 110 87 139 120 99 74 185 
48 161 93 195 85 160 176 187 22 113 25 111 26 73 
132 127 174 181 41 122 116 112 143 145 188 77 19 170 
189 178 81 86 136 124 34 186 180 137 171 146 172 149 
39 42 89 190 47 179 150 147 45 24 166 183 114 30 
83 155 40 43 98 123 33 125 72 117 38 21 78 75 
97 84 91 36 88 44 121 153 35 80 169 76 29 27 
126 119 175 90 151 118 37 152 32 148 23 115 28 31 

