13
5 122 49 7 51 6 53 60 168 126 14 17 15 
3 161 54 46 93 124 57 62 12 9 13 59 97 
1 85 120 8 160 94 10 96 11 146 98 95 63 
88 52 92 47 127 114 128 99 21 81 56 136 131 
121 123 33 45 4 125 48 87 91 58 100 151 16 
84 41 89 157 145 107 55 118 86 143 130 64 65 
147 2 90 163 39 38 155 66 44 164 149 162 22 
83 154 142 82 110 138 141 61 79 67 165 102 150 
137 117 43 139 115 105 133 78 116 152 18 72 19 
111 113 36 70 34 35 24 159 148 101 29 103 69 
119 40 156 50 80 140 108 129 167 134 135 132 104 
77 32 37 0 166 73 74 109 106 30 25 153 20 
158 112 144 28 76 31 42 71 26 23 27 68 75 

