13
140 85 90 124 84 58 5 101 92 162 57 6 161 
156 163 50 53 47 46 7 11 95 59 134 98 12 
49 137 122 155 51 159 150 9 126 94 15 16 13 
3 80 2 86 1 149 148 41 146 56 14 103 10 
87 45 0 48 52 130 55 66 160 97 168 125 60 
143 54 147 82 77 142 164 165 138 127 8 152 96 
117 110 35 120 167 64 118 107 65 61 106 67 19 
114 44 123 89 4 70 91 129 128 63 100 68 88 
119 74 154 69 113 36 81 29 99 141 73 17 62 
38 40 72 135 166 132 93 76 43 28 151 71 102 
39 158 144 30 27 78 33 133 153 31 20 25 104 
157 37 42 32 34 116 21 115 105 108 18 24 22 
121 79 111 145 75 139 131 83 112 109 136 26 23 

