14
98 96 140 56 4 8 164 6 7 62 13 65 66 60 
131 47 50 133 2 165 107 93 104 16 12 141 19 105 
54 94 52 53 55 136 106 132 57 135 10 103 77 14 
121 179 49 3 100 92 91 138 137 5 11 194 69 18 
123 99 160 68 185 1 110 71 167 168 139 184 63 21 
90 189 46 182 130 162 58 114 166 134 17 67 64 20 
125 101 88 124 190 173 23 111 59 102 188 15 109 9 
87 143 48 183 89 155 95 129 142 32 70 170 145 191 
172 97 43 147 154 195 83 150 151 108 174 26 175 116 
39 74 51 156 126 148 192 178 72 73 112 144 22 31 
45 128 38 44 149 163 30 187 181 28 35 25 119 169 
34 193 177 153 159 161 24 61 80 27 37 171 75 115 
42 41 122 86 152 180 157 76 146 176 127 29 117 113 
158 81 84 85 79 118 40 120 186 33 82 36 0 78 

