14
100 49 138 53 136 103 59 7 182 102 194 64 104 183 
177 101 96 6 57 54 97 185 94 166 10 12 11 13 
132 134 55 56 135 179 141 188 140 167 8 16 14 63 
98 5 47 51 164 181 163 150 79 178 139 60 62 15 
90 160 162 184 137 193 106 192 68 69 2 189 105 107 
157 43 48 52 161 171 4 9 170 22 67 19 17 65 
3 1 172 45 156 180 50 46 175 112 114 165 126 66 
41 93 58 149 80 77 186 195 129 159 78 119 61 21 
122 86 158 40 99 151 111 154 173 142 38 109 120 117 
95 84 34 128 153 39 118 187 115 147 176 143 18 71 
92 42 191 91 131 133 174 190 24 70 148 23 168 72 
124 83 81 130 37 88 30 152 155 125 169 31 108 20 
44 0 85 36 123 121 32 146 26 28 144 29 74 75 
89 87 73 82 35 127 145 33 113 116 76 110 27 25 

