14
3 53 2 98 5 4 51 65 62 11 66 13 20 141 
136 1 21 137 61 135 103 180 22 102 6 59 12 182 
134 54 95 183 166 8 57 116 70 162 105 106 188 63 
101 97 154 100 165 47 160 104 110 9 138 172 23 111 
52 50 48 10 55 178 60 108 16 158 68 14 163 109 
96 93 131 94 181 99 44 7 107 143 169 15 139 140 
157 130 86 17 64 159 170 118 152 195 75 167 185 74 
179 92 128 161 132 126 177 42 77 56 186 187 18 67 
89 58 123 192 133 191 174 112 171 113 30 119 147 117 
45 91 46 173 124 72 150 115 49 32 25 148 194 114 
39 127 125 122 156 193 121 0 90 24 26 19 146 164 
41 84 85 80 38 37 36 142 78 82 73 184 168 144 
87 83 88 81 176 151 31 71 145 129 175 76 27 28 
43 153 40 155 35 79 120 29 33 189 34 190 69 149 

