13
120 148 94 119 161 89 54 13 115 97 11 132 6 
48 142 93 160 4 90 7 52 128 16 98 17 59 
159 3 135 138 122 8 58 86 45 66 102 9 60 
1 53 88 50 96 44 10 167 65 125 21 63 57 
42 87 2 51 95 61 117 124 147 146 126 14 127 
140 141 85 162 168 100 130 134 109 163 56 133 18 
49 121 83 145 41 5 112 91 20 19 22 149 103 
43 80 143 151 47 0 114 12 164 111 166 69 55 
82 73 150 92 144 46 118 108 152 79 129 99 107 
38 36 76 75 33 32 37 74 35 131 26 165 23 
137 77 110 113 81 157 29 15 136 106 27 67 28 
156 155 154 31 71 123 70 139 104 72 68 105 62 
39 40 158 116 153 84 78 101 30 25 34 24 64 

