13
6 48 142 7 122 15 57 95 59 52 54 61 55 
47 8 146 90 117 144 96 164 100 10 16 12 11 
3 46 158 51 56 91 22 126 58 85 150 66 9 
82 49 50 2 162 123 113 97 147 63 152 127 18 
83 5 1 4 136 130 68 151 128 119 163 141 17 
86 42 88 161 44 124 168 153 14 92 134 118 145 
34 35 148 101 94 121 156 160 111 24 129 20 19 
93 87 45 89 79 13 30 165 72 21 60 98 149 
78 140 43 157 112 109 84 99 27 71 23 107 62 
120 116 80 41 103 108 143 53 139 135 70 115 67 
37 105 33 166 32 29 0 159 75 106 77 65 114 
74 38 137 110 131 39 26 167 76 133 28 69 104 
81 40 125 155 154 102 36 132 73 31 138 64 25 

