13
50 3 2 9 124 117 122 16 8 61 96 11 58 
1 46 49 52 149 166 55 92 129 10 6 15 152 
47 112 91 121 93 159 14 90 12 57 18 101 155 
89 140 87 120 5 119 123 147 148 22 7 95 99 
84 88 142 160 145 161 164 134 60 157 20 27 128 
4 168 114 51 165 111 45 163 83 63 59 72 54 
86 39 53 141 17 144 43 139 19 137 150 97 21 
48 143 44 154 42 133 102 125 105 85 65 98 131 
40 34 82 118 135 103 158 38 29 56 62 76 25 
81 113 156 0 126 67 13 69 28 109 94 127 153 
136 41 138 77 106 80 71 104 79 66 73 30 70 
35 36 33 130 78 32 146 26 68 162 64 24 132 
108 100 167 151 115 37 110 116 31 107 74 75 23 

