14
48 3 1 2 5 56 136 12 173 129 65 68 21 17 
4 53 128 51 55 101 104 103 139 167 9 16 14 67 
97 54 133 181 61 57 137 161 113 7 164 71 60 140 
50 158 64 95 108 52 141 105 142 183 18 20 145 106 
130 98 46 153 170 134 49 59 178 58 99 10 63 107 
93 180 194 138 110 6 189 13 159 15 0 112 69 144 
90 45 92 44 188 150 163 102 160 192 165 72 24 175 
96 94 157 91 62 8 43 70 73 122 182 193 19 74 
124 132 35 190 195 151 27 131 147 156 111 66 146 143 
41 42 126 149 121 47 135 117 120 179 184 168 185 22 
125 86 152 191 176 87 166 177 171 26 114 75 115 109 
127 154 39 37 162 88 155 76 11 32 100 172 28 187 
33 85 40 169 78 84 186 123 119 81 116 29 31 77 
82 89 38 80 79 36 83 118 30 34 25 148 23 174 

