14
4 131 8 128 56 97 58 102 2 135 63 10 108 14 
55 137 52 105 48 193 0 183 9 19 111 12 65 60 
95 134 61 59 3 139 1 162 138 103 5 15 109 17 
191 99 127 163 6 49 51 133 7 161 107 11 64 68 
96 130 160 54 101 187 194 13 140 167 69 106 152 67 
180 157 45 34 57 20 195 145 22 120 16 71 121 18 
50 188 129 155 176 76 104 158 166 98 150 169 170 30 
53 164 175 179 66 159 192 123 62 142 143 186 184 118 
154 182 93 46 124 190 165 100 110 181 35 141 26 73 
44 43 90 126 177 136 117 122 168 144 119 21 74 70 
92 125 132 94 38 151 87 33 32 72 148 116 185 172 
47 149 156 91 89 39 115 153 78 25 31 112 24 23 
42 85 81 147 189 84 75 178 171 77 79 27 114 113 
40 41 86 174 36 80 82 83 88 37 146 173 28 29 

