13
2 86 144 96 6 54 123 7 9 146 64 58 126 
90 51 47 48 88 93 56 53 5 164 128 62 15 
117 89 46 149 3 97 32 122 127 55 98 124 13 
85 81 145 49 52 141 138 4 57 94 60 161 63 
1 42 121 119 28 11 163 14 61 131 152 18 99 
156 114 113 118 50 148 166 143 159 147 10 162 22 
39 155 0 154 160 66 17 132 12 91 59 150 165 
35 38 120 104 80 140 8 116 65 109 73 129 21 
79 83 87 76 31 142 70 43 92 23 153 16 125 
40 84 37 44 77 139 168 135 19 130 103 134 107 
111 45 30 25 158 75 110 101 27 24 100 69 151 
112 167 78 74 29 137 34 26 67 102 106 68 95 
136 36 41 82 157 108 72 115 33 105 20 71 133 

