13
146 46 88 50 2 99 60 54 91 62 102 153 14 
119 89 85 94 10 49 55 45 58 8 3 92 63 
56 120 1 121 7 95 161 93 11 90 101 20 19 
118 38 44 159 17 96 125 162 52 127 13 18 9 
123 157 48 53 32 66 47 104 130 134 112 12 128 
116 43 124 144 98 29 137 151 122 51 74 16 163 
167 6 41 86 0 143 73 30 108 126 97 149 15 
168 158 35 115 156 152 155 117 132 142 166 72 61 
160 78 87 106 145 136 5 100 164 82 69 114 64 
83 105 109 138 37 4 27 71 42 103 165 22 28 
34 39 111 135 80 113 76 147 140 129 59 70 25 
84 110 139 79 33 65 57 31 23 75 67 68 131 
77 36 40 81 150 154 141 21 148 24 26 107 133 

