14
53 95 102 4 134 58 62 161 57 10 195 103 150 17 
1 5 96 56 100 166 194 136 157 147 6 8 15 64 
50 54 2 132 191 127 7 11 160 117 106 108 60 13 
51 183 52 158 165 133 185 163 9 67 20 66 139 12 
49 97 143 99 181 174 135 63 90 70 23 187 59 107 
159 47 101 98 43 182 156 193 0 68 171 184 18 65 
89 71 141 87 153 131 138 14 162 144 167 142 16 119 
3 94 126 140 42 104 120 189 137 69 105 118 61 168 
45 177 92 173 129 93 149 192 170 109 148 24 25 110 
130 46 55 48 91 128 74 188 21 178 84 22 75 19 
44 88 37 186 154 113 169 34 176 180 121 146 78 76 
86 82 164 38 124 33 85 77 79 114 31 152 26 83 
151 39 155 123 122 30 125 190 28 172 111 72 29 116 
36 40 41 179 32 175 81 35 73 115 145 80 112 27 

