14
95 56 84 6 60 139 102 59 12 14 13 67 137 104 
96 55 98 130 100 135 58 7 181 106 70 66 64 65 
52 133 131 49 50 182 2 163 8 4 101 9 19 15 
97 5 3 53 51 161 132 179 136 62 142 105 166 108 
178 38 134 180 1 99 113 10 63 23 146 17 18 16 
127 122 90 47 192 164 126 167 177 162 112 11 109 69 
43 86 189 93 54 159 138 57 168 140 175 78 193 185 
89 128 91 183 41 61 37 171 191 30 184 149 25 68 
156 173 145 85 160 94 195 188 169 119 20 111 26 0 
39 158 121 174 118 81 76 143 124 32 115 71 187 110 
45 154 92 129 194 103 34 165 29 144 28 147 186 72 
46 44 83 151 123 120 176 170 42 107 82 73 27 21 
155 48 87 190 157 153 141 74 150 77 116 22 80 31 
36 88 40 152 125 172 79 35 33 114 75 148 117 24 

