14
49 54 2 101 160 95 61 6 194 132 184 8 64 12 
159 191 56 57 97 105 96 135 17 15 14 60 13 62 
137 91 55 171 127 9 139 136 16 193 102 107 68 141 
167 104 89 103 48 177 164 182 168 10 63 20 106 23 
52 3 1 99 53 7 4 147 140 11 65 186 21 142 
133 50 173 58 47 46 33 5 166 19 162 66 108 18 
130 155 100 90 51 157 143 189 170 149 183 114 70 69 
98 82 124 128 44 138 59 117 42 165 174 145 163 109 
45 43 192 92 180 156 86 152 187 67 179 73 77 27 
0 88 39 93 178 120 80 119 146 113 31 185 116 112 
154 129 158 181 94 72 131 36 134 150 29 190 75 25 
84 123 87 153 188 175 30 161 78 111 83 110 28 26 
85 41 122 151 79 126 121 40 144 76 71 172 34 22 
125 35 176 32 24 81 37 38 115 118 169 148 74 195 

