14
10 54 4 50 2 55 99 105 163 8 67 165 68 63 
94 160 164 57 167 96 162 104 9 139 59 12 100 195 
52 3 135 60 51 103 170 62 131 7 64 61 11 14 
6 1 91 56 98 157 194 168 13 102 58 179 65 66 
93 161 129 47 49 95 145 187 138 185 15 70 77 141 
123 134 180 191 181 130 166 48 5 16 186 192 107 140 
133 90 126 0 136 182 125 108 53 27 171 71 106 69 
88 85 172 177 173 175 117 183 143 152 169 116 144 17 
190 132 101 156 151 26 149 188 92 193 115 111 72 19 
97 155 154 45 137 36 150 184 80 79 22 23 21 148 
158 127 178 159 153 120 142 34 109 146 20 73 110 29 
128 87 41 43 89 176 81 32 174 84 112 75 24 18 
121 124 39 83 122 44 82 119 31 28 114 30 147 25 
40 37 46 35 86 42 38 118 78 189 113 74 33 76 

