13
47 1 141 56 144 96 51 57 164 53 12 13 97 
160 48 131 6 90 87 8 163 9 45 126 59 10 
4 88 85 3 2 50 5 7 0 127 150 101 11 
161 120 46 124 93 58 54 17 145 62 94 20 15 
146 114 99 92 147 166 142 157 167 125 103 152 14 
75 49 91 117 89 132 61 65 165 168 130 18 60 
39 86 121 143 72 109 139 115 19 16 30 95 63 
138 42 110 156 159 122 76 123 119 162 100 148 69 
41 80 136 135 102 111 21 133 26 128 28 64 129 
43 108 137 38 83 44 106 25 158 70 98 153 107 
35 81 112 82 154 74 68 104 29 118 55 24 151 
33 31 116 134 36 73 34 32 52 77 105 71 23 
40 84 113 78 140 79 155 37 22 67 27 149 66 

