13
5 1 122 124 9 147 96 55 87 54 57 16 17 
91 81 92 53 52 13 128 7 149 167 11 60 10 
89 43 120 49 51 95 90 18 12 150 164 126 125 
88 47 4 156 163 129 8 160 151 98 102 15 99 
44 83 84 162 48 85 63 24 139 58 65 59 97 
56 108 159 86 168 2 41 61 130 134 148 146 6 
50 142 46 158 111 166 109 39 73 94 165 127 153 
77 121 3 144 141 100 133 66 34 14 145 67 101 
118 136 116 119 30 138 131 27 32 157 161 62 19 
115 38 117 110 75 132 123 143 31 28 69 103 104 
140 78 40 114 79 155 68 72 22 21 135 25 152 
82 42 37 107 80 74 45 106 64 154 26 20 70 
112 76 36 93 35 113 33 29 0 23 105 71 137 

