13
146 90 75 11 144 122 125 131 9 58 97 17 60 
4 50 48 52 54 1 94 162 14 8 152 55 160 
89 53 113 45 156 150 99 109 93 133 16 57 15 
88 119 145 102 5 49 147 6 163 136 7 95 59 
44 120 91 87 51 164 121 161 65 101 56 149 12 
139 126 124 118 3 132 108 22 123 27 129 127 10 
117 86 92 42 166 83 23 62 130 104 24 98 18 
165 84 115 82 141 148 61 105 168 134 107 96 70 
81 33 47 100 46 112 157 143 30 63 135 103 64 
39 159 85 140 155 38 31 137 153 158 2 111 21 
37 154 78 80 151 68 74 66 71 114 0 69 19 
34 79 36 29 110 40 167 41 25 106 13 20 28 
77 76 43 142 116 128 35 72 138 26 73 32 67 

