14
53 48 4 50 97 7 104 8 103 14 68 140 63 12 
102 1 100 135 93 57 5 169 168 139 11 99 141 13 
95 47 56 92 101 30 142 165 191 10 18 61 105 106 
2 190 96 180 172 59 3 60 133 108 9 67 0 64 
44 126 89 134 6 49 51 52 62 17 145 152 110 16 
55 94 179 87 195 15 138 184 171 69 21 66 20 70 
161 40 122 54 193 58 109 162 107 187 186 137 113 19 
131 159 129 136 153 132 178 37 98 27 22 143 26 185 
157 91 176 127 90 174 150 189 181 173 158 71 23 112 
82 43 192 85 163 83 73 119 166 34 75 116 65 111 
124 42 46 123 118 128 84 194 29 28 144 170 77 188 
175 154 130 81 125 164 114 167 115 25 183 24 79 76 
41 148 151 182 39 32 155 33 36 120 149 117 78 146 
31 88 45 35 121 177 38 86 156 147 74 160 80 72 

