13
1 120 151 121 123 146 7 110 96 126 9 155 164 
55 45 93 48 41 60 54 11 163 2 15 127 59 
84 46 49 117 86 38 62 145 64 58 91 13 61 
144 40 88 5 82 52 167 160 51 47 14 101 12 
77 3 50 44 131 165 32 159 21 97 130 124 10 
85 148 136 122 6 125 53 161 18 94 99 65 19 
42 119 4 56 89 8 150 135 17 57 22 149 143 
107 83 139 92 162 0 75 90 103 95 16 67 20 
39 111 79 158 81 137 104 112 34 168 132 29 98 
115 35 87 108 118 142 153 80 147 129 69 27 134 
113 78 43 37 116 128 63 157 154 28 105 26 23 
114 138 33 156 106 71 31 166 109 102 100 66 24 
141 36 74 140 73 152 76 72 68 133 30 70 25 

