14
56 131 159 101 132 136 135 0 6 133 139 185 107 66 
5 59 192 163 180 65 93 10 165 7 4 68 63 110 
194 99 134 57 100 140 58 191 98 103 64 70 137 62 
160 178 141 1 167 52 14 179 11 158 21 170 138 69 
51 95 182 97 96 13 128 67 55 156 12 16 146 106 
49 53 50 150 162 54 104 142 112 172 149 102 3 164 
45 161 109 108 44 60 176 195 77 9 17 15 143 22 
48 127 2 130 181 61 121 188 23 157 145 19 144 166 
155 92 94 90 177 183 8 120 71 105 122 113 20 186 
46 154 124 47 129 184 173 89 151 193 169 116 18 72 
126 43 82 91 33 123 79 190 78 175 74 25 187 24 
87 42 41 152 84 83 171 32 168 115 117 114 76 27 
39 40 125 153 37 35 81 119 118 147 75 73 148 28 
86 36 88 85 80 38 34 189 31 29 111 30 174 26 

