13
126 87 84 121 52 3 147 53 17 94 59 60 63 
90 49 51 162 54 50 7 55 92 86 100 163 164 
2 150 118 91 148 10 95 15 18 13 0 96 97 
157 46 151 143 56 149 62 159 16 129 8 132 127 
120 123 133 47 61 85 1 130 106 125 98 58 14 
161 145 5 138 88 117 48 93 12 4 131 99 21 
158 76 43 77 152 89 109 24 73 9 20 102 65 
113 45 82 140 141 137 146 101 72 103 66 165 6 
78 44 40 29 153 154 116 167 107 57 26 11 67 
136 142 156 166 69 112 144 32 122 23 70 68 81 
39 139 83 42 37 135 30 155 31 74 19 64 28 
36 160 34 115 35 75 41 168 105 71 128 22 134 
38 124 33 111 80 119 110 79 114 25 108 27 104 

