13
144 119 2 4 59 152 165 13 20 130 14 7 95 
1 52 41 90 147 122 44 143 124 83 100 8 98 
145 142 125 86 33 47 154 87 116 88 164 12 149 
167 121 138 89 53 11 46 58 146 62 93 15 161 
141 32 55 127 85 35 5 16 159 150 99 43 129 
113 92 117 139 76 96 120 156 17 60 163 148 64 
48 91 3 158 115 133 45 162 140 56 103 10 26 
51 81 50 40 54 128 135 65 94 160 9 67 132 
39 37 72 79 27 108 118 97 63 153 57 66 6 
36 84 42 109 30 101 123 151 18 19 23 21 61 
166 29 111 112 31 126 0 22 24 25 106 134 102 
78 49 137 73 155 75 77 34 107 136 70 105 71 
114 38 110 82 80 69 104 168 157 68 28 131 74 

