13
44 53 49 10 159 108 94 161 8 13 98 55 97 
34 91 2 11 123 115 60 152 93 52 14 100 102 
1 85 9 51 130 5 166 126 145 146 15 150 56 
48 3 143 160 45 135 63 122 61 12 92 16 127 
7 164 88 121 162 77 0 96 148 50 59 84 90 
87 4 147 141 99 113 95 46 125 101 168 58 120 
158 43 144 138 33 19 73 157 67 71 103 154 105 
163 36 89 165 47 54 117 124 111 149 21 114 128 
79 118 82 107 86 28 83 167 6 32 22 142 64 
37 26 139 74 29 40 137 155 129 66 62 20 132 
112 42 81 109 72 80 140 151 153 131 23 68 134 
116 39 31 156 35 119 70 57 75 27 18 106 69 
38 78 30 76 65 110 133 17 136 41 25 24 104 

