13
3 89 121 43 151 63 123 144 163 6 12 61 7 
48 42 127 125 50 148 53 10 13 133 105 98 15 
1 4 90 52 159 56 158 149 94 59 130 62 17 
44 40 49 96 113 2 129 45 51 57 70 11 118 
117 87 82 81 55 47 99 100 8 14 101 18 155 
36 83 139 58 120 147 126 54 97 16 65 95 23 
77 41 160 122 88 153 111 93 0 64 150 86 60 
161 85 46 167 5 157 27 67 132 165 154 9 66 
80 143 152 140 33 166 146 35 107 135 136 24 20 
37 119 38 131 112 34 91 73 164 25 69 19 21 
39 84 162 138 141 137 31 108 28 103 134 26 102 
78 110 114 124 145 74 168 106 109 156 22 92 104 
115 116 142 32 79 29 76 75 72 30 68 71 128 

