13
121 4 123 122 90 44 89 2 145 60 150 94 14 
143 47 159 119 167 52 162 91 54 56 6 53 59 
88 9 87 131 117 128 161 127 58 48 13 98 15 
45 144 93 7 115 148 5 100 160 57 12 22 64 
114 113 51 120 165 81 147 126 10 97 55 141 65 
85 164 11 66 111 152 136 49 3 129 16 99 61 
43 42 154 124 153 50 8 110 1 146 130 62 63 
86 83 149 155 95 132 18 105 69 103 21 104 106 
77 39 156 82 163 139 20 151 135 26 92 72 133 
40 84 41 142 78 46 109 168 25 116 19 71 75 
79 38 108 140 76 138 125 102 158 74 96 23 17 
112 37 34 0 107 73 29 118 166 68 27 67 24 
80 157 31 36 137 33 35 32 70 28 134 30 101 

