14
96 101 2 158 130 105 58 143 175 136 66 160 103 15 
55 132 97 3 98 61 134 14 164 68 64 100 139 106 
4 59 50 9 6 155 140 102 11 60 18 104 12 110 
56 162 49 180 51 57 7 183 138 62 142 108 13 29 
129 54 133 46 1 53 174 194 10 20 67 17 112 141 
93 5 178 131 137 16 182 63 166 181 73 21 23 24 
91 124 191 99 95 165 170 152 135 113 8 109 159 69 
161 48 43 94 44 41 190 116 148 184 65 193 167 144 
52 90 192 151 179 79 87 120 163 188 72 114 107 169 
156 118 38 154 172 173 195 40 189 127 70 25 19 187 
128 86 121 186 157 36 71 22 31 145 119 146 111 30 
153 89 85 34 126 82 83 150 149 28 35 147 27 75 
39 47 125 45 37 80 123 84 33 0 177 74 78 26 
42 176 171 88 92 168 185 77 81 122 76 115 32 117 

