13
119 22 50 88 118 143 144 90 54 93 95 56 97 
85 46 109 166 121 89 6 59 55 115 13 57 14 
3 43 2 142 11 1 127 128 132 16 92 58 0 
160 47 48 84 163 122 153 99 106 8 64 164 10 
49 41 120 51 53 61 4 5 52 12 100 130 91 
40 87 96 45 116 42 15 147 125 60 94 151 150 
117 79 63 126 101 114 148 76 149 161 7 17 68 
81 162 146 131 74 159 154 75 168 21 156 23 98 
86 39 113 80 110 83 82 44 129 25 158 34 19 
36 157 167 112 145 107 141 102 24 137 135 65 104 
78 35 124 123 134 138 29 165 73 18 9 133 70 
155 38 77 139 31 30 152 33 105 66 71 62 67 
37 136 140 111 32 108 28 27 72 20 69 26 103 

