14
1 2 162 51 55 17 103 19 21 66 64 65 7 13 
99 101 192 92 9 60 50 8 106 168 166 3 61 104 
159 5 102 163 4 105 142 141 109 134 15 140 62 184 
96 49 52 59 56 6 175 10 53 195 110 71 18 107 
132 189 95 157 89 135 127 137 58 139 14 63 12 193 
191 46 94 93 164 158 97 154 87 11 111 100 147 108 
182 0 179 133 138 185 128 177 113 172 165 144 29 68 
47 42 155 160 178 54 36 173 67 112 194 16 146 73 
176 57 122 180 151 143 145 169 136 183 117 161 26 69 
48 156 125 131 181 98 148 79 190 80 187 186 20 167 
39 90 43 129 35 120 44 149 119 170 33 72 116 24 
37 84 88 83 38 91 174 188 32 23 30 114 28 27 
130 40 41 126 86 150 82 152 115 31 74 77 25 22 
45 85 123 78 81 34 153 171 121 124 118 75 76 70 

