13
160 52 8 93 48 91 94 90 141 7 56 119 58 
120 47 46 87 50 57 51 121 147 13 59 15 17 
125 55 53 10 166 155 126 154 153 148 63 61 14 
49 42 89 163 3 60 95 54 98 23 62 132 18 
84 157 88 149 85 64 72 127 65 162 100 96 11 
124 161 116 5 113 97 135 45 12 167 102 117 103 
118 4 159 143 1 2 129 156 128 16 101 21 130 
92 81 43 9 146 164 35 158 151 133 131 99 67 
77 78 86 165 33 6 115 150 19 110 111 31 106 
145 142 114 71 80 139 39 75 122 107 144 70 27 
37 112 0 30 168 140 73 76 74 123 32 69 104 
79 36 83 109 136 34 82 28 134 20 24 29 66 
44 38 41 152 137 40 138 68 26 108 22 25 105 

