14
49 2 95 54 163 127 50 57 132 135 17 182 62 63 
180 3 99 97 5 53 60 10 8 143 64 104 140 171 
131 51 191 101 184 160 129 162 142 13 106 108 105 138 
94 133 112 52 6 179 192 102 55 11 15 183 61 139 
93 130 56 58 136 168 48 100 117 150 169 144 16 115 
4 1 98 159 157 165 178 194 30 161 195 20 12 69 
92 43 91 96 181 187 134 59 137 103 107 7 14 65 
155 81 123 128 42 85 158 167 166 72 147 185 28 21 
151 86 154 125 156 118 149 188 22 146 9 74 19 141 
89 124 0 44 175 164 122 67 18 29 119 71 109 114 
78 88 153 190 87 121 70 148 173 66 24 80 31 113 
36 152 38 33 120 41 177 172 82 34 110 76 145 68 
47 46 83 40 45 174 25 37 186 75 111 26 23 189 
35 39 90 84 79 176 32 73 170 126 193 27 116 77 

