14
49 52 98 7 92 57 102 63 167 61 166 138 13 14 
56 53 55 4 3 135 109 9 62 99 59 60 169 66 
2 160 100 132 181 180 195 58 15 64 6 17 106 105 
90 163 134 96 155 161 137 1 104 10 70 110 103 140 
91 95 158 136 123 5 186 16 164 193 101 12 183 108 
8 51 178 133 54 194 20 47 188 182 24 139 11 21 
97 159 131 48 35 174 151 145 79 31 65 74 73 141 
157 179 176 43 50 129 130 150 41 68 168 113 172 25 
40 125 143 37 120 170 45 162 111 184 191 114 148 171 
175 93 85 190 189 33 116 71 147 121 76 27 22 112 
72 94 44 128 185 127 34 142 19 119 18 26 144 69 
46 124 39 177 87 122 29 107 23 115 78 80 149 67 
42 126 83 86 192 32 28 0 117 153 165 154 187 75 
89 152 36 84 38 88 173 156 81 30 82 77 146 118 

