14
1 51 98 132 57 137 68 139 54 64 59 169 13 17 
4 95 140 183 21 10 131 5 161 16 6 69 65 62 
130 135 2 3 184 7 101 102 14 166 164 15 106 143 
129 96 50 93 133 123 104 56 187 107 110 24 108 144 
52 90 47 175 192 160 12 167 100 63 18 142 61 20 
92 158 94 55 91 157 70 9 19 185 60 136 105 22 
85 49 134 165 180 163 174 53 114 117 173 109 58 71 
45 46 30 159 88 125 145 8 147 66 115 191 189 72 
43 126 89 86 103 35 82 181 97 182 73 74 188 23 
178 48 176 190 154 11 194 28 113 177 118 27 138 75 
152 155 128 127 119 193 122 149 33 31 80 111 25 112 
84 153 36 99 32 156 162 168 141 83 150 120 148 67 
41 87 40 38 34 81 151 78 77 26 116 195 170 146 
121 42 39 37 0 44 124 171 186 172 79 179 29 76 

