14
98 5 94 52 55 183 7 179 60 162 59 164 8 14 
51 133 97 4 160 2 58 95 181 13 10 138 11 104 
182 0 140 50 166 62 139 61 92 16 185 130 63 65 
1 161 109 49 3 100 193 81 189 137 102 142 18 17 
43 99 154 38 126 6 163 155 90 67 188 21 22 106 
176 191 53 128 165 9 103 68 107 15 54 105 64 19 
48 96 178 57 158 159 136 143 152 144 190 167 145 20 
127 93 56 131 87 119 174 66 111 101 108 115 79 74 
192 134 78 86 151 12 47 132 122 141 31 194 110 116 
45 177 70 135 89 80 184 171 187 34 147 72 149 112 
124 88 120 129 156 195 117 123 29 169 26 173 73 114 
40 85 46 35 150 44 170 71 83 69 23 121 113 75 
153 175 157 118 125 36 82 32 172 180 146 76 168 24 
41 91 30 39 42 37 84 33 148 186 77 25 28 27 

