13
88 84 3 47 91 154 2 124 49 15 50 61 20 
48 118 79 45 10 82 52 43 122 6 59 134 17 
117 85 42 57 5 51 95 11 58 13 63 144 12 
125 60 156 56 90 94 96 9 146 19 16 18 159 
165 54 151 119 162 70 4 121 8 142 99 40 14 
120 1 112 129 36 127 163 143 100 77 68 97 150 
157 140 89 145 160 147 115 93 136 164 149 128 132 
155 83 46 55 7 72 73 102 123 64 109 53 98 
87 78 114 44 141 116 28 167 138 168 62 23 65 
113 101 34 161 135 104 39 75 148 137 21 66 133 
32 38 158 92 106 126 166 139 110 71 25 69 103 
81 80 33 37 22 111 29 108 152 107 130 105 67 
41 35 74 30 31 86 153 27 76 26 131 24 0 

